440        40        80         4
440        80        160
440        40        80         5
440        80        160
587.33     40        80         6
587.33     80        160
523.25     40        80
587.33     40        80         5
523.25     80        160
392        80        160
440        40        80         4
440        80        160
440        40        80         5
440        80        160
587.33     40        80
440        40        80         5
440        80        160
440        40        80         5
440        80        160
587.33     40        80         2
440        40        80         2
440        80        160        2
440        40        80         4
440        80        160
523.25     160       320
440        40        80         2
440        80        160        2
440        40        80         4
440        80        160
523.25     80        160        2
440        40        80         2
440        80        160        2
440        40        80         4
440        80        160        2
587.33     40        8          4
587.33     80        160        2
523.25     40        80         4
523.25     80        160        2
392        80        160
440        40        80         2
440        80        160        2
440        40        80         4
440        80        160
523.25     80        160        2
440        40        80         2
440        80        160        2
440        40        80         4
440        80        160
523.25     80        160        2
440        40        80         2
440        80        160
523.25     80        160        2
440        40        80         2
440        80        160
523.25     80        160        2
440        40        80         2
440        80        160
523.25     80        160        2
440        40        80         2
440        80        160
523.25     80        160        2
440        40        80         2
523.25     80        160
440        40        80         2
523.25     80        160
440        40        80         2
523.25     80        160
440        40        80         2
523.25     80        160
440        40        80         2
523.25     80        160
440        40        80         2
523.25     80        160
440        40        80         2
523.25     80        160
440        40        80         2
523.25     80        160
587.33     640       10         4